[param]:
%paramName=[min, baseline, max]
beta=[0.0, 0.094506, 1.0] %0.1]
r_I_Q=[0.0, 0.078441, 1.0] %0.1]
gamma=[0.0, 0.060192, 1.0] %0.09]
muI=[0.00, 0.001434, 1.0] %0.002]

[state]: %initial value
S=1e7
I=10
Q=0
R=0
D=0