[param]:
%paramName=[min, baseline, max]
beta=[0.0, 0.094157, 2*0.094157]
r_S_NQ=[0.0, 1, 2*1]
r_NQ_S=[0.0, 0.966876, 2*0.966876]
r_NQ_Q=[0.0, 2.35E-14, 2*2.35E-14]
r_NQ_ND=[0.0, 0.002449, 2*0.002449]
r_I_Q=[0.0, 0.077326, 2*0.077326]
gamma=[0.0, 0.060502, 2*0.060502]
muI=[0.00, 0.001498, 2*0.001498]

[state]: %initial value
S=1e7
NQ=10
ND=0
I=10
Q=0
R=0
D=0